23 116
-1.527054 0.022044
-1.384770 -0.773547
-1.238477 0.202405
-1.150301 0.747495
-1.000000 -0.478958
-0.957916 -0.040080
-0.665331 -0.603206
-0.527054 0.667335
-0.521042 0.412826
-0.340681 0.062124
0.232465 0.410822
0.240481 -0.879759
0.509018 -0.084168
0.763527 0.358717
0.799599 0.865731
0.893788 -0.767535
0.965932 -0.571142
1.004008 0.020040
1.096192 0.591182
1.286573 -0.484970
1.384770 0.739479
1.402806 -0.889780
1.434870 0.208417
-1.527054 0.022044
-1.384770 -0.773547
-1.238477 0.202405
-1.527054 0.022044
-1.000000 -0.478958
-0.957916 -0.040080
-1.527054 0.022044
-1.150301 0.747495
-1.238477 0.202405
-1.150301 0.747495
-1.238477 0.202405
-0.957916 -0.040080
-1.527054 0.022044
-0.957916 -0.040080
-1.527054 0.022044
-1.000000 -0.478958
-1.384770 -0.773547
-1.000000 -0.478958
-0.527054 0.667335
-0.521042 0.412826
-0.340681 0.062124
0.232465 0.410822
0.240481 -0.879759
-0.340681 0.062124
-0.527054 0.667335
0.232465 0.410822
-0.521042 0.412826
0.232465 0.410822
-0.521042 0.412826
-0.340681 0.062124
-0.665331 -0.603206
-0.340681 0.062124
-0.665331 -0.603206
0.240481 -0.879759
-1.150301 0.747495
-0.527054 0.667335
-1.150301 0.747495
-0.521042 0.412826
-1.238477 0.202405
-0.521042 0.412826
-0.957916 -0.040080
-0.521042 0.412826
-0.957916 -0.040080
-0.340681 0.062124
-0.957916 -0.040080
-0.665331 -0.603206
-1.000000 -0.478958
-0.665331 -0.603206
-1.384770 -0.773547
-0.665331 -0.603206
-1.384770 -0.773547
0.240481 -0.879759
0.509018 -0.084168
0.763527 0.358717
0.763527 0.358717
0.799599 0.865731
0.893788 -0.767535
0.965932 -0.571142
0.965932 -0.571142
1.004008 0.020040
0.763527 0.358717
1.004008 0.020040
0.509018 -0.084168
1.004008 0.020040
0.509018 -0.084168
0.965932 -0.571142
0.509018 -0.084168
0.893788 -0.767535
1.384770 0.739479
1.096192 0.591182
1.402806 -0.889780
1.434870 0.208417
1.384770 0.739479
1.434870 0.208417
1.096192 0.591182
1.434870 0.208417
1.286573 -0.484970
1.434870 0.208417
1.286573 -0.484970
1.402806 -0.889780
0.799599 0.865731
1.384770 0.739479
0.799599 0.865731
1.096192 0.591182
0.763527 0.358717
1.096192 0.591182
1.004008 0.020040
1.096192 0.591182
1.004008 0.020040
1.434870 0.208417
1.004008 0.020040
1.286573 -0.484970
0.965932 -0.571142
1.286573 -0.484970
0.965932 -0.571142
1.402806 -0.889780
0.893788 -0.767535
1.402806 -0.889780
-1.150301 0.747495
0.799599 0.865731
-0.527054 0.667335
0.799599 0.865731
0.232465 0.410822
0.799599 0.865731
0.232465 0.410822
0.763527 0.358717
0.232465 0.410822
0.509018 -0.084168
-0.340681 0.062124
0.509018 -0.084168
0.240481 -0.879759
0.509018 -0.084168
0.240481 -0.879759
0.893788 -0.767535
0.240481 -0.879759
1.402806 -0.889780
