519590 1780421
518 1132
1536 3539
13633 34509
604796 1995135
129 257
542 1168
889564 3185609
41604 107228
71117 189764
8092 20556
179 334
117439 319912
43454 116138
48495 124973
5577 13778
586549 2033731
504406 1653617
799763 2825706
9323 23977
11426 27585
253337 757497
4706 11858
1053 3228
610999 2038751
178448 507240
504 1092
682 1504
441 915
710 1567
260 526
1538 3439
215 446
65375 169230
7442 18612
11196 26230
357623 1102569
2132 5007
35833 91476
166 315
92517 248063
182 389
7600 19550
9567 25273
389321 1229940
8425 22035
246525 737636
611 1768
229678 681157
3558 8851
3962 9684
491 1028
139646 404219
17032 44867
628674 2100081
20640 53035
5944 13191
138930 382952
31219 81808
238665 709518
5397 13823
165 329
319675 971092
736 1646
149310 426539
51084 134714
600160 2087498
676 1439
778369 2822296
516020 1941553
888035 3266490
438 905
179 365
78478 206823
13738 35421
24105 65732
111798 343567
452782 1524344
31888 93707
534553 2032082
220832 734432
758 1758
2615 6568
531130 1963836
968 2174
444 939
3396 8586
550154 2064832
133368 510385
2223 5497
219157 714434
159863 518320
397 859
27352 77166
178 362
19923 52996
106 210
11500 29024
1566 3852
279 557
637518 2241961
17588 45418
4263 9261
2155 4353
737798 2633976
34407 90812
22396 53911
9162 21273
999 1843
2462 4807
23281 53793
34818 84427
28937 70342
115 211
240224 706587
169850 491242
804 1829
1194 2773
116 235
867803 3505206
26394 70125
173301 496288
2605 6338
573308 1936437
456 960
23775 60129
6581 14669
572 1071
10330 22605
641014 2397194
19686 50758
1395 2929
446966 1456231
2360 5664
160752 473738
141481 397406
974 2210
13493 35530
212 409
365 726
390 793
669937 2443674
40523 104180
3715 8725
4272 9790
204052 668326
52402 138654
270 556
333158 1027361
418932 1358738
144 309
16933 44219
215419 623520
413488 1410138
185238 708493
204 434
515012 1708265
674932 2328685
46678 121451
12025 29761
334724 1014359
159306 453090
10480 28222
13723 33955
473 852
282 522
2764 5687
7952 17439
6938 15120
20765 48899
183993 522548
416 913
44101 120133
6678 16740
566 1177
13171 31412
190797 569028
678471 2370984
56213 166847
62758 168971
1848 4260
7024 19080
17953 44577
579863 1908353
2010 4594
76641 201273
675988 2435704
549709 1917698
1268 2898
68234 180492
130016 368852
294253 899955
1196 2881
156816 447850
402966 1290809
2584 6393
11561 30510
36869 91974
875 1892
324736 989932
