1.000000000000000000e+02 9.000000000000000000e+01
1.200000000000000000e+02 1.150000000000000000e+02
1.450000000000000000e+02 1.490000000000000000e+02
1.750000000000000000e+02 1.720000000000000000e+02
2.120000000000000000e+02 2.110000000000000000e+02
2.550000000000000000e+02 3.450000000000000000e+02
3.080000000000000000e+02 3.230000000000000000e+02
3.720000000000000000e+02 3.690000000000000000e+02
4.490000000000000000e+02 6.380000000000000000e+02
5.420000000000000000e+02 5.740000000000000000e+02
6.550000000000000000e+02 7.560000000000000000e+02
7.900000000000000000e+02 8.440000000000000000e+02
9.540000000000000000e+02 1.060000000000000000e+03
1.151000000000000000e+03 1.303000000000000000e+03
1.389000000000000000e+03 1.551000000000000000e+03
1.676000000000000000e+03 1.943000000000000000e+03
2.023000000000000000e+03 2.359000000000000000e+03
2.442000000000000000e+03 2.901000000000000000e+03
2.947000000000000000e+03 3.548000000000000000e+03
3.556000000000000000e+03 4.415000000000000000e+03
4.291000000000000000e+03 5.448000000000000000e+03
5.179000000000000000e+03 6.675000000000000000e+03
6.250000000000000000e+03 8.169000000000000000e+03
7.543000000000000000e+03 1.022000000000000000e+04
9.102000000000000000e+03 1.292800000000000000e+04
1.098500000000000000e+04 1.528000000000000000e+04
1.325700000000000000e+04 1.875400000000000000e+04
1.599800000000000000e+04 2.119200000000000000e+04
1.930600000000000000e+04 2.592500000000000000e+04
2.329900000000000000e+04 3.142100000000000000e+04
2.811700000000000000e+04 3.665200000000000000e+04
3.393200000000000000e+04 4.603600000000000000e+04
4.094900000000000000e+04 5.269500000000000000e+04
4.941700000000000000e+04 6.658800000000000000e+04
5.963600000000000000e+04 8.244100000000000000e+04
7.196800000000000000e+04 1.037790000000000000e+05
8.685100000000000000e+04 1.229240000000000000e+05
1.048110000000000000e+05 1.484750000000000000e+05
1.264850000000000000e+05 1.819460000000000000e+05
1.526410000000000000e+05 2.251030000000000000e+05
1.842060000000000000e+05 2.763870000000000000e+05
2.222990000000000000e+05 3.389830000000000000e+05
2.682690000000000000e+05 4.184320000000000000e+05
3.237450000000000000e+05 5.141550000000000000e+05
3.906930000000000000e+05 6.077950000000000000e+05
4.714860000000000000e+05 7.561980000000000000e+05
5.689860000000000000e+05 9.361120000000000000e+05
6.866480000000000000e+05 1.148816000000000000e+06
8.286420000000000000e+05 1.419836000000000000e+06
1.000000000000000000e+06 1.717269000000000000e+06
